image_width: 320
image_height: 240
camera_name: narrow_stereo/left
camera_matrix:
  rows: 3
  cols: 3
  data: [208.5004, 0, 164.333804, 0, 208.584457, 114.327758, 0, 0, 1]
distortion_model: plumb_bob
distortion_coefficients:
  rows: 1
  cols: 5
  data: [0.183663, -0.332432, -0.002513, 0.000133, 0]
rectification_matrix:
  rows: 3
  cols: 3
  data: [1, 0, 0, 0, 1, 0, 0, 0, 1]
projection_matrix:
  rows: 3
  cols: 4
  data: [-82.32717, 0, 292.330835, 0, 0, 669.452263, -156.787007, 0, 0, 0, 1, 0]